acquire 1624
    0383 1624 1628 2660 2731
    2838 2876 2909 2969 3030
    3091 3106 3166 3179 3375
    3392 3642 4072 4092 4559
    4615 4720 4783 4874 4886
    4905 5080 5107 5126 5181
    5508 5541 5612 5625 6130
    6154 6168 7063 7084 7105
    8260 8431 8478 8514
acquiresleep 4872
    0392 4727 4742 4872 5561
    5610
allocproc 2655
    2655 2708 2811
allocuvm 1977
    0436 1977 1991 1997 2760
    6901 6915
allocuvm_lazy 2008
    0450 2008 2023 2777
alltraps 3504
    3459 3467 3480 3485 3503
    3504
ALT 7960
    7960 7988 7990
argfd 6321
    6321 6373 6388 6407 6418
    6431
argint 3852
    0410 2365 2367 2403 2405
    3852 3866 3882 4033 4056
    4070 6326 6388 6407 6658
    6725 6726 6782
argptr 3861
    0411 3861 6388 6407 6431
    6807
argstr 3879
    0412 3239 3879 6457 6558
    6658 6707 6724 6758 6782
__attribute__ 1355
    0272 0367 1259 1355
BACK 8811
    8811 8924 9070 9339
backcmd 8846 9064
    8846 8859 8925 9064 9066
    9192 9305 9340
BACKSPACE 8350
    8350 8367 8409 8442 8448
balloc 5266
    5266 5286 5667 5675 5679
BBLOCK 4360
    4360 5273 5307
B_DIRTY 4112
    4112 4544 4568 4573 4610
    4628 4736 4769 5189
begin_op 5078
    0336 2871 5078 6183 6274
    6460 6561 6661 6706 6723
    6757 6871
bfree 5302
    5302 5714 5724 5727
bget 4716
    4716 4746 4756
binit 4688
    0263 1280 4688
bmap 5660
    5402 5660 5686 5770 5820
bootmain 9467
    9418 9467
BPB 4357
    4357 4360 5272 5274 5308
bread 4752
    0264 4752 5027 5028 5040
    5056 5140 5141 5235 5256
    5273 5307 5461 5485 5564
    5676 5720 5770 5820
brelse 4776
    0265 4776 4779 5031 5032
    5047 5064 5144 5145 5237
    5259 5279 5284 5314 5467
    5470 5494 5572 5682 5726
    5773 5824
BSIZE 4305
    4109 4305 4324 4351 4357
    4530 4546 4569 5008 5029
    5142 5257 5770 5771 5772
    5816 5820 5821 5822
buf 4100
    0250 0264 0265 0266 0308
    0335 2170 2173 2182 2184
    4100 4106 4107 4108 4463
    4481 4484 4524 4556 4604
    4606 4609 4676 4680 4684
    4690 4703 4715 4718 4751
    4754 4765 4776 4956 5027
    5028 5040 5041 5047 5056
    5057 5063 5064 5140 5141
    5172 5220 5233 5254 5269
    5304 5457 5482 5555 5663
    5709 5756 5806 8180 8191
    8195 8198 8418 8440 8454
    8488 8509 8516 8934 8937
    8938 8939 8953 8965 8966
    8968 8969 8970 8974
B_VALID 4111
    4111 4572 4610 4628 4757
bwrite 4765
    0266 4765 4768 5030 5063
    5143
bzero 5252
    5252 5280
C 7981 8424
    7981 8029 8054 8055 8056
    8057 8058 8060 8424 8434
    8438 8445 8456 8489
CAPSLOCK 7962
    7962 7995 8136
cgaputc 8355
    8355 8413
clearpteu 2089
    0445 2089 2095 6917
cli 0607
    0607 0609 1174 1722 8310
    8404 9362
cmd 8815
    8815 8827 8836 8837 8842
    8843 8848 8852 8856 8865
    8868 8873 8881 8887 8891
    8901 8925 8927 9002 9005
    9007 9008 9009 9010 9013
    9014 9016 9018 9019 9020
    9021 9022 9023 9024 9025
    9026 9029 9030 9032 9034
    9035 9036 9037 9038 9039
    9050 9051 9053 9055 9056
    9057 9058 9059 9060 9063
    9064 9066 9068 9069 9070
    9071 9072 9162 9163 9164
    9165 9167 9171 9174 9180
    9181 9184 9187 9189 9192
    9196 9198 9200 9203 9205
    9208 9210 9213 9214 9225
    9228 9231 9235 9250 9253
    9258 9262 9263 9266 9271
    9272 9278 9287 9288 9294
    9295 9301 9302 9311 9314
    9316 9322 9323 9328 9334
    9340 9341 9344
CMOS_PORT 7727
    7727 7741 7742 7784
cmos_read 7782
    7782 7793 7794 7795 7796
    7797 7798 7807 7814
CMOS_RETURN 7728
    7728 7787
CMOS_STATA 7770
    7770 7814
CMOS_STATB 7771
    7771 7807
cmostime 7802
    0325 7802
CMOS_UIP 7772
    7772 7814
COM1 8564
    8564 8574 8577 8578 8579
    8580 8581 8582 8585 8591
    8592 8607 8609 8617 8619
commit 5151
    5003 5125 5151
CONSOLE 4436
    4436 8528 8529
consoleinit 8524
    0269 1276 8524
consoleintr 8427
    0271 8148 8427 8625
consoleread 8471
    8471 8529
consolewrite 8509
    8509 8528
consputc 8401
    8167 8198 8268 8286 8289
    8293 8294 8401 8442 8448
    8455 8516
context 2476
    0251 0380 2453 2476 2495
    2692 2693 2694 2695 2981
    3022 3228
CONV 7823
    7823 7824 7825 7826 7827
    7828 7829 7830
copyout 2168
    0444 2168 6925 6936
copyuvm 2103
    0441 2103 2816
cprintf 8252
    0270 1304 1991 1997 2375
    2379 2388 2407 2413 2417
    2430 3226 3230 3232 3241
    3625 3635 3666 3675 3680
    3971 5401 6875 7909 8252
    8313 8314 8315 8318
cpu 2451
    0311 0363 1304 1318 1556
    1616 1640 1658 1706 1767
    2451 2462 2586 2608 2961
    3666 3675 3680 7463
cpuid 2580
    0358 1304 1773 2580 3641
    3667 3676 3683
CR0_PE 0757
    0757 1187 1220 9393
CR0_PG 0759
    0759 1104 1220
CR0_WP 0758
    0758 1104 1220
CR4_PSE 0761
    0761 1097 1213
create 6607
    6607 6626 6639 6643 6664
    6707 6727
CRTPORT 8351
    8351 8360 8361 8362 8363
    8381 8382 8383 8384
CTL 7959
    7959 7985 7989 8135
DAY 7777
    7777 7796
deallocuvm 2040
    0437 1992 1998 2040 2076
    2763 2780
DEVSPACE 0204
    0204 1863 1876
devsw 4429
    4429 4434 5759 5761 5809
    5811 6112 8528 8529
dinode 4328
    4328 4351 5458 5462 5483
    5486 5556 5565
dirent 4365
    4365 5864 5905 6505 6554
dirlink 5902
    0288 5902 5917 5925 6480
    6638 6642 6643
dirlookup 5861
    0289 5861 5867 5871 5909
    6025 6573 6616
DIRSIZ 4363
    4363 4367 5855 5922 5978
    5979 6042 6454 6555 6610
DPL_USER 0811
    0811 1776 1777 2716 2717
    3573 3690 3701
E0ESC 7966
    7966 8120 8124 8125 8127
    8130
elfhdr 0955
    0955 6865 9469 9474
ELF_MAGIC 0952
    0952 6884 9480
ELF_PROG_LOAD 0986
    0986 6895
end_op 5103
    0337 2873 5103 6185 6279
    6462 6469 6487 6496 6563
    6597 6602 6666 6671 6677
    6686 6690 6708 6712 6728
    6732 6759 6765 6770 6874
    6909 6960
entry 1094
    0961 1090 1093 1094 3452
    3453 6949 7321 9471 9495
    9496
EOI 7616
    7616 7691 7717
ERROR 7637
    7637 7684
ESR 7619
    7619 7687 7688
exec 6860
    0275 6798 6860 6875 8718
    8779 8780 8876 8877
EXEC 8807
    8807 8872 9009 9315
execcmd 8819 9003
    8819 8860 8873 9003 9005
    9271 9277 9278 9306 9316
exit 2854
    0359 2854 2893 3605 3609
    3636 3691 3702 4018 8667
    8670 8711 8776 8781 8866
    8875 8885 8930 8977 8984
EXTMEM 0202
    0202 0208 1860
fdalloc 6353
    6353 6375 6682 6812
fetchint 3817
    0413 3817 3854 6789
fetchstr 3831
    0414 3831 3884 6795
file 4400
    0252 0278 0279 0280 0282
    0283 0284 0351 2498 4400
    5221 6110 6115 6125 6128
    6131 6151 6152 6164 6166
    6202 6215 6252 6315 6321
    6324 6353 6370 6384 6403
    6416 6428 6655 6804 7008
    7022 8161 8559 8828 8883
    8884 9014 9022 9222
filealloc 6126
    0278 6126 6682 7028
fileclose 6164
    0279 2866 6164 6170 6421
    6684 6815 6816 7054 7056
filedup 6152
    0280 2831 6152 6156 6377
fileinit 6119
    0281 1281 6119
fileread 6215
    0282 6215 6230 6390
filestat 6202
    0283 6202 6433
filewrite 6252
    0284 6252 6284 6289 6409
fill_rtcdate 7791
    7791 7813 7816
FL_IF 0754
    0754 1724 1731 2591 2720
    3019
fork 2804
    0360 2804 4012 8710 8773
    8775 8992 8994
fork1 8988
    8850 8892 8904 8911 8926
    8973 8988
forkret 3053
    2567 2695 3053
freerange 3351
    3311 3335 3341 3351
freevm 2070
    0438 1881 2070 2075 2140
    2922 6952 6957
FSSIZE 0162
    0162 4528
gatedesc 0906
    0573 0576 0906 3561
getcallerpcs 1677
    0384 1641 1677 3228 8316
getcmd 8934
    8934 8965
gettoken 9106
    9106 9191 9195 9207 9220
    9221 9257 9261 9283
growproc 2753
    0361 2753 4059
havedisk1 4483
    4483 4513 4612
holding 1702
    0385 1627 1654 1702 3013
holdingsleep 4901
    0394 4608 4767 4778 4901
    5583
HOURS 7776
    7776 7795
ialloc 5454
    0290 5454 5472 6625 6626
IBLOCK 4354
    4354 5461 5485 5564
ICRHI 7630
    7630 7694 7752 7764
ICRLO 7620
    7620 7695 7696 7753 7755
    7765
ID 7613
    7613 7654 7709
IDE_BSY 4466
    4466 4492
IDE_CMD_RDMUL 4473
    4473 4532
IDE_CMD_READ 4471
    4471 4532
IDE_CMD_WRITE 4472
    4472 4533
IDE_CMD_WRMUL 4474
    4474 4533
IDE_DF 4468
    4468 4494
IDE_DRDY 4467
    4467 4492
IDE_ERR 4469
    4469 4494
ideinit 4501
    0306 1282 4501
ideintr 4554
    0307 3650 4554
idelock 4480
    4480 4505 4559 4562 4580
    4615 4629 4633
iderw 4604
    0308 4604 4609 4611 4613
    4758 4770
idestart 4524
    4484 4524 4527 4535 4578
    4625
idewait 4488
    4488 4507 4537 4568
idtinit 3579
    0421 1305 3579
idup 5539
    0291 2832 5539 6012
iget 5504
    5407 5468 5504 5524 5879
    6010
iinit 5392
    0292 3064 5392
ilock 5553
    0293 5553 5559 5575 6015
    6205 6224 6275 6466 6479
    6492 6567 6575 6614 6618
    6628 6674 6762 6878 8483
    8503 8518
inb 0503
    0503 4492 4512 7596 7787
    8114 8117 8361 8363 8585
    8591 8592 8607 8617 8619
    9373 9381 9504
initlock 1612
    0386 1612 2575 3333 3575
    4505 4692 4865 5012 5396
    6121 7036 8526
initlog 5006
    0334 3065 5006 5009
initsleeplock 4863
    0395 4706 4863 5398
inituvm 1936
    0439 1936 1941 2713
inode 4412
    0253 0288 0289 0290 0291
    0293 0294 0295 0296 0297
    0299 0300 0301 0302 0303
    0440 1953 2499 4406 4412
    4430 4431 5224 5388 5398
    5407 5453 5480 5503 5506
    5512 5538 5539 5553 5581
    5608 5632 5660 5706 5738
    5753 5803 5860 5861 5902
    5906 6004 6007 6039 6050
    6455 6502 6553 6606 6609
    6656 6704 6719 6754 6866
    8471 8509
INPUT_BUF 8416
    8416 8418 8440 8452 8454
    8456 8488
insl 0512
    0512 0514 4569 9523
install_trans 5022
    5022 5071 5156
INT_DISABLED 7869
    7869 7914
ioapic 7877
    7558 7575 7576 7874 7877
    7886 7887 7893 7894 7905
IOAPIC 7858
    7858 7905
ioapicenable 7920
    0311 4506 7920 8532 8593
ioapicid 7465
    0312 7465 7576 7908 7909
ioapicinit 7901
    0313 1275 7901 7909
ioapicread 7884
    7884 7906 7907
ioapicwrite 7891
    7891 7914 7915 7925 7926
IPB 4351
    4351 4354 5462 5486 5565
iput 5608
    0294 2872 5608 5635 5910
    6033 6184 6485 6769
IRQ_COM1 3433
    3433 3660 8593
IRQ_ERROR 3435
    3435 7684
IRQ_IDE 3434
    3434 3649 3653 4506
IRQ_KBD 3432
    3432 3656 8532
IRQ_SPURIOUS 3436
    3436 3665 7664
IRQ_TIMER 3431
    3431 3640 3696 7671
isdirempty 6502
    6502 6509 6579
itrunc 5706
    5224 5617 5706
iunlock 5581
    0295 5581 5584 5634 6022
    6207 6227 6278 6475 6689
    6768 8476 8513
iunlockput 5632
    0296 5632 6017 6026 6029
    6468 6481 6484 6495 6580
    6591 6595 6601 6617 6621
    6645 6676 6685 6711 6731
    6764 6908 6959
iupdate 5480
    0297 5480 5619 5732 5829
    6474 6494 6589 6594 6632
    6636
kalloc 3387
    0316 1334 1794 1873 1942
    1989 2021 2114 2129 2677
    3387 3623 3625 7030
KBDATAP 7954
    7954 8117
kbdgetc 8106
    8106 8148
kbdintr 8146
    0322 3657 8146
KBS_DIB 7953
    7953 8115
KBSTATP 7952
    7952 8114
KERNBASE 0207
    0207 0208 0210 0211 0213
    0214 1360 1684 1860 1982
    2012 2076 2109 2378 2416
KERNLINK 0208
    0208 1861 9560
KEY_DEL 7978
    7978 8019 8041 8065
KEY_DN 7972
    7972 8015 8037 8061
KEY_END 7970
    7970 8018 8040 8064
KEY_HOME 7969
    7969 8018 8040 8064
KEY_INS 7977
    7977 8019 8041 8065
KEY_LF 7973
    7973 8017 8039 8063
KEY_PGDN 7976
    7976 8016 8038 8062
KEY_PGUP 7975
    7975 8016 8038 8062
KEY_RT 7974
    7974 8017 8039 8063
KEY_UP 7971
    7971 8015 8037 8061
kfree 3364
    0317 1999 2058 2060 2080
    2083 2436 2817 2920 3356
    3364 3369 7052 7073
kill 3175
    0362 3175 3681 4035 8717
kinit1 3331
    0318 1269 3331
kinit2 3339
    0319 1284 3339
KSTACKSIZE 0151
    0151 1108 1117 1335 1924
    2681
kvmalloc 1890
    0433 1270 1890
lapiceoi 7714
    0328 3647 3651 3658 3662
    3668 7714
lapicid 7705
    0326 2594 7705 8313
lapicinit 7658
    0329 1272 1295 7658
lapicstartap 7733
    0330 1339 7733
lapicw 7651
    7651 7664 7670 7671 7672
    7675 7676 7681 7684 7687
    7688 7691 7694 7695 7701
    7717 7752 7753 7755 7764
    7765
lcr3 0640
    0640 1905 1929
lgdt 0562
    0562 0570 1185 1778 9391
lidt 0576
    0576 0584 3581
LINT0 7635
    7635 7675
LINT1 7636
    7636 7676
LIST 8810
    8810 8890 9057 9333
listcmd 8840 9051
    8840 8861 8891 9051 9053
    9196 9307 9334
loaduvm 1953
    0440 1953 1959 1962 6905
log 4988 5000
    4988 5000 5012 5014 5015
    5016 5026 5027 5028 5040
    5043 5044 5045 5056 5059
    5060 5061 5072 5080 5082
    5083 5084 5086 5088 5089
    5107 5108 5109 5110 5111
    5113 5118 5120 5126 5127
    5128 5129 5139 5140 5141
    5153 5157 5176 5178 5181
    5182 5183 5186 5187 5188
    5190
logheader 4983
    4983 4995 5008 5009 5041
    5057
LOGSIZE 0160
    0160 4985 5084 5176
log_write 5172
    0335 5172 5179 5258 5278
    5313 5466 5493 5680 5823
ltr 0588
    0588 0590 1928
mappages 1810
    1810 1879 1944 1996
MAXARG 0158
    0158 6778 6864 6922
MAXARGS 8813
    8813 8821 8822 9290
MAXFILE 4325
    4325 5816
MAXOPBLOCKS 0159
    0159 0160 0161 5084 6267
memcmp 7165
    0401 7165 7487 7538 7817
memmove 7181
    0402 1325 1945 2117 2132
    2182 5029 5142 5236 5492
    5571 5772 5822 5979 5981
    7181 7204 8376
memset 7154
    0403 1797 1875 1943 1995
    2024 2694 2715 3372 5257
    5464 6584 6785 7154 8378
    8937 9008 9019 9035 9056
    9069
microdelay 7723
    0331 7723 7754 7756 7766
    7785 8608
min 5223
    5223 5771 5821
MINS 7775
    7775 7794
MONTH 7778
    7778 7797
mp 7302
    7302 7458 7479 7486 7487
    7488 7505 7510 7514 7515
    7518 7519 7530 7533 7535
    7537 7544 7555 7560 7592
MPBUS 7352
    7352 7579
mpconf 7313
    7313 7529 7532 7537 7556
mpconfig 7530
    7530 7560
mpenter 1291
    1291 1336
mpinit 7551
    0341 1271 7551
mpioapic 7339
    7339 7558 7575 7577
MPIOAPIC 7353
    7353 7574
MPIOINTR 7354
    7354 7580
MPLINTR 7355
    7355 7581
mpmain 1302
    1259 1286 1296 1302
mpproc 7328
    7328 7557 7567 7572
MPPROC 7351
    7351 7566
mpsearch 7506
    7506 7535
mpsearch1 7480
    7480 7514 7518 7521
multiboot_header 1079
    1078 1079
mycpu 2587
    0363 1306 1328 1640 1706
    1723 1724 1725 1733 1735
    1920 1921 1922 1923 1924
    1927 2581 2587 2592 2611
    2961 3015 3021 3022 3023
myproc 2607
    0364 2305 2326 2353 2370
    2423 2607 2756 2773 2808
    2856 2907 3011 3031 3076
    3585 3604 3606 3608 3614
    3673 3682 3684 3690 3695
    3701 3819 3834 3854 3864
    3965 4041 4058 4075 4879
    4906 6012 6328 6356 6420
    6755 6814 6869 7087 7107
    8481
namecmp 5853
    0298 5853 5874 6570
namei 6040
    0299 2725 6040 6461 6670
    6758 6873
nameiparent 6051
    0300 6005 6020 6032 6051
    6477 6562 6612
namex 6005
    6005 6043 6053
NBUF 0161
    0161 4680 4703
ncpu 7464
    1327 2463 2597 4506 7464
    7568 7569 7570
NCPU 0152
    0152 2462 7463 7568
NDEV 0156
    0156 5759 5809 6112
NDIRECT 4323
    4323 4325 4334 4424 5665
    5670 5674 5675 5712 5719
    5720 5727 5728
NELEM 0454
    0454 1878 3222 3968 6787
NFILE 0154
    0154 6115 6131
NINDIRECT 4324
    4324 4325 5672 5722
NINODE 0155
    0155 5388 5397 5512
NO 7956
    7956 8002 8005 8007 8008
    8009 8010 8012 8024 8027
    8029 8030 8031 8032 8034
    8052 8053 8055 8056 8057
    8058
NOFILE 0153
    0153 2498 2829 2864 6328
    6358
NPDENTRIES 0841
    0841 1356 2077 2310 2331
    2354
NPROC 0150
    0150 2561 2618 2619 2622
    2629 2662 2882 2913 2970
    3157 3180 3219
NPTENTRIES 0842
    0842 2109 2118 2132 2315
    2336
NSEGS 0771
    0771 2455
nulterminate 9302
    9165 9180 9302 9323 9329
    9330 9335 9336 9341
NUMLOCK 7963
    7963 7996
O_CREATE 4203
    4203 6663 9228 9231
O_RDONLY 4200
    4200 6675 9225
O_RDWR 4202
    4202 6696 8764 8766 8957
outb 0521
    0521 4510 4519 4538 4539
    4540 4541 4542 4543 4545
    4548 7595 7596 7741 7742
    7784 8360 8362 8381 8382
    8383 8384 8574 8577 8578
    8579 8580 8581 8582 8609
    9378 9386 9514 9515 9516
    9517 9518 9519
outsl 0533
    0533 0535 4546
outw 0527
    0527 1230 1232 9424 9426
O_WRONLY 4201
    4201 6695 6696 9228 9231
P2V 0211
    0211 1269 1284 1324 1792
    1876 1968 2028 2059 2079
    2113 2161 2314 2335 2436
    3589 3621 7484 7512 7537
    7743 8352
panic 8305 8981
    0272 1628 1655 1732 1734
    1821 1877 1913 1915 1917
    1941 1959 1962 2023 2058
    2075 2095 2592 2601 2712
    2861 2893 3014 3016 3018
    3020 3079 3082 3369 3677
    4527 4529 4535 4609 4611
    4613 4746 4768 4779 5009
    5110 5177 5179 5286 5311
    5472 5524 5559 5575 5584
    5686 5867 5871 5917 5925
    6156 6170 6230 6284 6289
    6509 6578 6586 6626 6639
    6643 7561 7590 8263 8305
    8313 8373 8851 8870 8903
    8981 8994 9178 9222 9256
    9260 9286 9291
panicked 8169
    8169 8319 8403
parseblock 9251
    9251 9256 9275
parsecmd 9168
    8852 8974 9168
parseexec 9267
    9164 9205 9267
parseline 9185
    9162 9174 9185 9196 9258
parsepipe 9201
    9163 9189 9201 9208
parseredirs 9214
    9214 9262 9281 9292
PCINT 7634
    7634 7681
pde_t 0103
    0103 0434 0435 0436 0437
    0438 0439 0440 0441 0444
    0445 0450 1260 1310 1356
    1760 1785 1787 1810 1867
    1870 1873 1936 1953 1977
    2008 2040 2070 2089 2102
    2103 2105 2152 2168 2307
    2328 2353 2424 2489 3585
    3620 6868
PDX 0832
    0832 1790 2019 2025 2028
    2054 3586 3589 3621
PDXSHIFT 0846
    0832 0838 0846 1360
peek 9151
    9151 9175 9190 9194 9206
    9219 9255 9259 9274 9282
PGADDR 0838
    0838 2054
PGROUNDDOWN 0849
    0849 1815 1816 2175
PGROUNDUP 0848
    0848 1987 2017 2050 2378
    2385 2416 2425 3354 6914
PGSIZE 0843
    0843 0848 0849 1355 1797
    1825 1826 1875 1940 1943
    1944 1958 1960 1964 1967
    1988 1995 1996 2018 2024
    2051 2054 2109 2117 2132
    2179 2185 2385 2425 2714
    2721 3355 3368 3372 6903
    6915 6917
PHYSTOP 0203
    0203 1284 1862 1876 1877
    3368
pinit 2573
    0365 1278 2573
pipe 7012
    0254 0352 0353 0354 4405
    6181 6222 6259 7012 7024
    7030 7036 7040 7044 7061
    7080 7101 8713 8902 8903
PIPE 8809
    8809 8900 9036 9327
pipealloc 7022
    0351 6809 7022
pipeclose 7061
    0352 6181 7061
pipecmd 8834 9030
    8834 8862 8901 9030 9032
    9208 9308 9328
piperead 7101
    0353 6222 7101
PIPESIZE 7010
    7010 7014 7086 7094 7116
pipewrite 7080
    0354 6259 7080
popcli 1729
    0389 1672 1707 1729 1732
    1734 1930 2613
printint 8177
    8177 8276 8280
proc 2487
    0255 0364 0369 0442 1255
    1608 1756 1910 2305 2326
    2370 2423 2459 2487 2493
    2556 2561 2564 2606 2609
    2612 2622 2654 2657 2662
    2705 2756 2773 2807 2808
    2856 2857 2882 2905 2907
    2913 2960 2962 2970 2977
    2986 3011 3076 3155 3157
    3177 3180 3215 3219 3555
    3614 3681 3805 3819 3834
    3864 3965 4007 4457 4858
    5216 6311 6356 6755 6854
    6869 7004 7461 7557 7567
    7569 8164 8561
procdump 3204
    0366 3204 8466
proghdr 0974
    0974 6867 9470 9484
PTE_ADDR 0858
    0858 1792 1963 2028 2056
    2079 2113 2161 2314 2335
    2436 3589 3621
PTE_LAZY 0855
    0855 2030 2122 2124 2316
    2391 3590 3629
PTE_P 0851
    0851 1358 1360 1791 1801
    1820 1822 2019 2025 2055
    2078 2110 2122 2135 2157
    2311 2316 2332 2337 2355
    2387 2435 3586 3630
PTE_PS 0854
    0854 1358 1360
pte_t 0862
    0862 1784 1788 1792 1794
    1813 1956 2028 2042 2091
    2113 2114 2119 2154 2314
    2335 2386 2428 3589 3621
PTE_U 0853
    0853 1801 1944 1996 2025
    2030 2096 2135 2159 3630
PTE_W 0852
    0852 1358 1360 1801 1860
    1862 1863 1944 1996 2025
    2030 2135 3630
PTX 0835
    0835 1803 2029 2030 3590
    3622 3629 3630
PTXSHIFT 0845
    0835 0838 0845
pushcli 1717
    0388 1626 1705 1717 1919
    2610
rcr2 0632
    0632 3615 3676 3683
readeflags 0594
    0594 1721 1731 2591 3019
read_head 5038
    5038 5070
readi 5753
    0301 1968 5753 5870 5916
    6225 6508 6509 6882 6893
readsb 5231
    0287 5013 5231 5400
readsect 9510
    9510 9545
readseg 9529
    9464 9477 9488 9529
recover_from_log 5068
    5002 5017 5068
REDIR 8808
    8808 8880 9020 9321
redircmd 8825 9014
    8825 8863 8881 9014 9016
    9225 9228 9231 9309 9322
REG_ID 7860
    7860 7907
REG_TABLE 7862
    7862 7914 7915 7925 7926
REG_VER 7861
    7861 7906
release 1652
    0387 1652 1655 2666 2674
    2735 2842 2928 2935 2988
    3033 3057 3092 3105 3168
    3186 3190 3380 3397 3645
    4076 4081 4094 4562 4580
    4633 4726 4741 4795 4880
    4890 4907 5089 5120 5129
    5190 5515 5531 5543 5614
    5627 6134 6138 6158 6172
    6178 7072 7075 7088 7097
    7108 7119 8301 8464 8482
    8502 8517
releasesleep 4884
    0393 4781 4884 5586 5623
ROOTDEV 0157
    0157 3064 3065 6010
ROOTINO 4304
    4304 6010
rtcdate 1000
    0256 0325 1000 7791 7802
    7804
run 3315
    3211 3315 3316 3322 3366
    3376 3389 7561
runcmd 8856
    8856 8870 8887 8893 8895
    8909 8916 8927 8974
RUNNING 2484
    2484 2979 3017 3211 3695
safestrcpy 7232
    0404 2724 2834 6943 7232
sb 5227
    0287 4354 4360 5011 5013
    5014 5015 5227 5231 5236
    5272 5273 5274 5307 5400
    5401 5402 5403 5404 5460
    5461 5485 5564 7805 7807
    7809
sched 3008
    0368 2892 3008 3014 3016
    3018 3020 3032 3098
scheduler 2958
    0367 1307 2453 2958 2981
    3022
SCROLLLOCK 7964
    7964 7997
SECS 7774
    7774 7793
SECTOR_SIZE 4465
    4465 4530
SECTSIZE 9462
    9462 9523 9536 9539 9544
SEG 0801
    0801 1774 1775 1776 1777
SEG16 0805
    0805 1920
SEG_ASM 0710
    0710 1239 1240 9434 9435
segdesc 0775
    0559 0562 0775 0801 0805
    2455
seginit 1765
    0432 1273 1294 1765
SEG_KCODE 0764
    0764 1193 1774 3572 3573
    9403
SEG_KDATA 0765
    0765 1203 1775 1923 3513
    9408
SEG_NULLASM 0704
    0704 1238 9433
SEG_TSS 0768
    0768 1920 1922 1928
SEG_UCODE 0766
    0766 1776 2716
SEG_UDATA 0767
    0767 1777 2717
SETGATE 0926
    0926 3572 3573
setupkvm 1868
    0434 1868 1892 2106 2711
    6887
SHIFT 7958
    7958 7986 7987 8135
skipelem 5965
    5965 6014
sleep 3074
    0370 2940 3074 3079 3082
    3209 4079 4629 4865 4876
    5083 5086 7092 7111 8486
    8729
sleeplock 4151
    0258 0392 0393 0394 0395
    4104 4151 4416 4461 4674
    4860 4863 4872 4884 4901
    4954 5218 6109 6314 7007
    8159 8557
spinlock 1551
    0257 0370 0383 0385 0386
    0387 0424 1551 1609 1612
    1624 1652 1702 2557 2560
    3074 3309 3320 3558 3563
    4153 4460 4480 4673 4679
    4859 4953 4989 5217 5387
    6108 6114 6313 7006 7013
    8158 8172 8556
STA_R 0717 0816
    0717 0816 1239 1774 1776
    9434
start 1173 8659 9361
    1172 1173 1216 1224 1226
    2364 2365 2374 2375 2378
    2379 2385 2401 2403 2407
    2412 2413 2416 2417 2425
    4990 5014 5027 5040 5056
    5140 5402 8658 8659 9360
    9361 9417
startothers 1314
    1258 1283 1314
stat 4254
    0259 0283 0302 4254 5214
    5738 6202 6309 6429 8753
stati 5738
    0302 5738 6206
STA_W 0716 0815
    0716 0815 1240 1775 1777
    9435
STA_X 0715 0814
    0715 0814 1239 1774 1776
    9434
sti 0613
    0613 0615 1736 2966
stosb 0542
    0542 0544 7160 9490
stosl 0551
    0551 0553 7158
strlen 7251
    0405 6924 6925 7251 8968
    9173
strncmp 7208
    0406 5855 7208
strncpy 7218
    0407 5922 7218
STS_IG32 0820
    0820 0932
STS_T32A 0819
    0819 1920
STS_TG32 0821
    0821 0932
sum 7468
    7468 7470 7472 7474 7475
    7487 7542
superblock 4313
    0260 0287 4313 5011 5227
    5231
SVR 7617
    7617 7664
switchkvm 1903
    0443 1293 1893 1903 2982
switchuvm 1910
    0442 1910 1913 1915 1917
    2394 2440 2767 2784 2978
    6951
swtch 3259
    0380 2981 3022 3258 3259
syscall 3962
    0415 3607 3807 3962
SYSCALL 8703 8710 8711 8712 8713 8714 8715 8716 8717 8718 8719 8720 8721 8722 8723 8724 8725 8726 8727 8728 8729 8730 8732 8733 8734 8735 8736 8737
    8710 8711 8712 8713 8714
    8715 8716 8717 8718 8719
    8720 8721 8722 8723 8724
    8725 8726 8727 8728 8729
    8730 8732 8733 8734 8735
    8736 8737
sys_chdir 6751
    3900 3940 6751
SYS_chdir 3759
    3759 3940
sys_close 6413
    3901 3952 6413
SYS_close 3771
    3771 3952
sys_dup 6368
    3902 3941 6368
SYS_dup 3760
    3760 3941
sys_exec 6776
    3903 3938 6776
SYS_exec 3757
    3757 3938 8663
sys_exit 4016
    3904 3933 4016
SYS_exit 3752
    3752 3933 8668
sys_fork 4010
    3905 3932 4010
SYS_fork 3751
    3751 3932
sys_fstat 6426
    3906 3939 6426
SYS_fstat 3758
    3758 3939
sys_getpid 4039
    3907 3942 4039
SYS_getpid 3761
    3761 3942
SYS_getptsize 3777
    3777 3956
SYS_greet 3774
    3774 3953
sys_kill 4029
    3908 3937 4029
SYS_kill 3756
    3756 3937
sys_link 6452
    3909 3950 6452
SYS_link 3769
    3769 3950
sys_mkdir 6701
    3910 3951 6701
SYS_mkdir 3770
    3770 3951
sys_mknod 6717
    3911 3948 6717
SYS_mknod 3767
    3767 3948
SYS_mmap 3778
    3778 3957
SYS_munmap 3779
    3779 3958
SYS_numpp 3776
    3776 3955
SYS_numvp 3775
    3775 3954
sys_open 6651
    3912 3946 6651
SYS_open 3765
    3765 3946
sys_pipe 6801
    3913 3935 6801
SYS_pipe 3754
    3754 3935
sys_read 6382
    3914 3936 6382
SYS_read 3755
    3755 3936
sys_sbrk 4051
    3915 3943 4051
SYS_sbrk 3762
    3762 3943
sys_sleep 4065
    3916 3944 4065
SYS_sleep 3763
    3763 3944
sys_unlink 6551
    3917 3949 6551
SYS_unlink 3768
    3768 3949
sys_uptime 4088
    3920 3945 4088
SYS_uptime 3764
    3764 3945
sys_wait 4023
    3918 3934 4023
SYS_wait 3753
    3753 3934
sys_write 6401
    3919 3947 6401
SYS_write 3766
    3766 3947
taskstate 0865
    0865 2454
TDCR 7641
    7641 7670
T_DEV 4252
    4252 5758 5808 6727
T_DIR 4250
    4250 5866 6016 6467 6579
    6587 6634 6675 6707 6763
T_FILE 4251
    4251 6619 6664
ticks 3564
    0422 3564 3643 3644 4073
    4074 4079 4093
tickslock 3563
    0424 3563 3575 3642 3645
    4072 4076 4079 4081 4092
    4094
TICR 7639
    7639 7672
TIMER 7631
    7631 7671
T_IRQ0 3429
    3429 3640 3649 3653 3656
    3660 3664 3665 3696 7664
    7671 7684 7914 7925
